add cur 0 (415) 0.0036630037 0.46056166
set cur 0 (415) 0.0024420025 0.45811966 0.08532005 2.6662512
set cur 0 (415) 0.0024420025 0.44517705 0.41750363 10.7156
set cur 0 (415) 0.0021978023 0.43540904 0.30534565 -3.5049365
set cur 0 (415) 0.0021978023 0.42466423 0.3357753 0.95092595
set cur 0 (415) 0.0036630037 0.41245422 0.39669707 1.96522
set cur 0 (415) 0.010744811 0.404884 0.24107657 -3.6190822
set cur 0 (415) 0.023443224 0.386569 0.7189204 15.41432
set cur 0 (415) 0.033211235 0.37606838 0.3259418 -8.9313345
set cur 0 (415) 0.043711845 0.36507937 0.46058726 4.0801663
set cur 0 (415) 0.04957265 0.35311356 0.42980734 -0.9929009
set cur 0 (415) 0.055433456 0.34456655 0.3238567 -3.310956
set cur 0 (415) 0.05934066 0.33504274 0.34313777 0.642701
set cur 0 (415) 0.06398047 0.32869354 0.2457455 -3.043508
set cur 0 (415) 0.071794875 0.32185593 0.3349528 2.8776536
set cur 0 (415) 0.082295485 0.31306472 0.26336196 -1.3767463
set cur 0 (415) 0.092551894 0.3023199 0.4641912 6.275914
set cur 0 (415) 0.102564104 0.2959707 0.35926253 -3.1796577
set cur 0 (415) 0.10818071 0.2915751 0.23006943 -4.1675196
set cur 0 (415) 0.12014652 0.2732601 0.5208904 6.9243093
set cur 0 (415) 0.12747253 0.26691088 0.3127251 -6.715009
set cur 0 (415) 0.13724054 0.26056167 0.37581187 2.0350564
set cur 0 (415) 0.14700855 0.25372407 0.37260544 -0.10020099
set cur 0 (415) 0.15018316 0.24737485 0.13393663 -4.5031853
set cur 0 (415) 0.15164836 0.24395604 0.119985394 -0.45003983
set cur 0 (415) 0.15750916 0.24151404 0.2048131 2.7363775
set cur 0 (415) 0.16434677 0.23785104 0.23505946 0.9165564
set cur 0 (415) 0.17240538 0.23003663 0.35078886 3.6165438
set cur 0 (415) 0.18070818 0.22222222 0.54294395 9.150243
set cur 0 (415) 0.18778999 0.21733822 0.2606862 -8.553266
set cur 0 (415) 0.20488401 0.20683761 0.31346264 0.8246321
set cur 0 (415) 0.21391942 0.2017094 0.33513802 0.6992048
set cur 0 (415) 0.22368743 0.1965812 0.35588187 0.6691583
set cur 0 (415) 0.23150183 0.191453 0.28323764 -2.2013423
set cur 0 (415) 0.24004884 0.18681319 0.30391186 0.64607054
set cur 0 (415) 0.24884005 0.18534799 0.27851474 -0.79366004
set cur 0 (415) 0.25811967 0.18070818 0.1995179 -1.5191699
set cur 0 (415) 0.26935288 0.17704518 0.53706163 15.342894
set cur 0 (415) 0.2874237 0.16971917 0.36791232 -3.1914947
set cur 0 (415) 0.2952381 0.16288157 0.32448548 -1.3570896
set cur 0 (415) 0.30622712 0.15506716 0.42138085 3.02798
set cur 0 (415) 0.31526253 0.14725275 0.2778107 -3.3388414
add cur 1 (416) 0.93479854 0.23809524
set cur 0 (415) 0.32527474 0.14261295 0.33439517 1.7146821
set cur 1 (416) 0.93479854 0.23467644 0.1036001 3.139397
set cur 0 (415) 0.34774116 0.13186814 0.4698799 2.5563157
set cur 1 (416) 0.9235653 0.23956044 0.2311136 2.4059157
set cur 0 (415) 0.35238096 0.12649573 0.17313728 -7.2376246
set cur 1 (416) 0.9152625 0.24273504 0.21680541 -0.3489808
set cur 0 (415) 0.35677657 0.12136752 0.20467424 0.95566654
set cur 1 (416) 0.9064713 0.24908425 0.32861364 3.388128
set cur 0 (415) 0.36043957 0.11599512 0.20319788 -0.046136785
set cur 1 (416) 0.8976801 0.25250307 0.29476827 -1.0576676
set cur 0 (415) 0.37728938 0.0967033 0.40022287 3.0785153
set cur 1 (416) 0.8908425 0.26227108 0.18630272 -1.6947742
set cur 0 (415) 0.3858364 0.0959707 0.27672088 -3.9839342
set cur 1 (416) 0.8869353 0.26862028 0.24048741 1.7478932
set cur 0 (415) 0.3941392 0.092063494 0.29600683 0.6221264
set cur 1 (416) 0.8820513 0.2747253 0.2522007 0.37784874
set cur 0 (415) 0.402442 0.08840049 0.17122495 -2.3543751
set cur 1 (416) 0.8735043 0.2783883 0.17545034 -1.4481205
set cur 0 (415) 0.41807082 0.07887668 0.42562765 5.916341
set cur 1 (416) 0.85347986 0.2857143 0.4958714 7.451652
set cur 0 (415) 0.42686203 0.07374848 0.32831013 -3.139274
set cur 1 (416) 0.84102565 0.2893773 0.4187651 -2.4873
set cur 0 (415) 0.43956044 0.06446887 0.37446925 1.0990267
set cur 1 (416) 0.83540905 0.2930403 0.15965497 -6.1692886
set cur 0 (415) 0.45738706 0.05885226 0.44501176 1.679583
set cur 1 (416) 0.82539684 0.2967033 0.25383893 2.242475
set cur 0 (415) 0.47936508 0.03663004 0.7441611 7.1226063
set cur 1 (416) 0.8017094 0.3020757 0.57831013 7.725505
set cur 0 (415) 0.47936508 0.03663004 0.0 -24.0052
set cur 1 (416) 0.7870574 0.30818072 0.51203275 -2.1379802
del cur 0 (415)
set cur 1 (416) 0.774359 0.31208792 0.3089751 -4.7222705
add cur 0 (417) 0.50183153 0.070573874
set cur 1 (416) 0.762149 0.31501833 0.392398 2.6069665
set cur 0 (417) 0.50305253 0.06691087 0.12066076 3.7706487
set cur 1 (416) 0.74603176 0.31843713 0.29956046 -1.6879554
set cur 0 (417) 0.50769234 0.06422467 0.09747806 -0.42150372
set cur 1 (416) 0.73870575 0.32356533 0.27945408 -0.6283251
set cur 0 (417) 0.51135534 0.06446887 0.114722945 0.5389026
set cur 1 (416) 0.73137975 0.32478634 0.16879682 -2.5149376
set cur 0 (417) 0.51501834 0.06471307 0.08343487 -0.71109253
set cur 1 (416) 0.72405374 0.32576314 0.23096374 1.942716
set cur 0 (417) 0.52087915 0.06446887 0.18330908 3.1210687
set cur 1 (416) 0.7064713 0.32918194 0.34445608 2.1825454
set cur 0 (417) 0.53040296 0.06031746 0.19979383 0.31701446
set cur 1 (416) 0.6974359 0.33455434 0.24446422 -2.3253927
set cur 0 (417) 0.53406596 0.06056166 0.08537521 -2.660898
set cur 1 (416) 0.6898657 0.33724055 0.2510208 0.20489281
set cur 0 (417) 0.53406596 0.06056166 0.0 -2.6679752
del cur 0 (417)
set cur 1 (416) 0.6820513 0.33846155 0.2471632 -0.120549925
set cur 1 (416) 0.6732601 0.33894995 0.27514887 0.87455237
set cur 1 (416) 0.6537241 0.34358975 0.46696365 4.4608088
set cur 1 (416) 0.64224666 0.34456655 0.21733777 -4.7099223
set cur 1 (416) 0.62783885 0.34505495 0.45050278 7.286406
set cur 1 (416) 0.62295485 0.34700856 0.16438231 -8.941264
set cur 1 (416) 0.61807084 0.35042736 0.1923125 0.9009742
set cur 1 (416) 0.61367524 0.35409036 0.18457402 -0.2496281
set cur 1 (416) 0.60708183 0.35750917 0.23209561 1.4850496
set cur 1 (416) 0.5973138 0.35799757 0.23286219 0.01825144
set cur 1 (416) 0.5833944 0.35897437 0.45011756 7.0082393
set cur 1 (416) 0.5638584 0.35824177 0.36203238 -1.6312075
set cur 1 (416) 0.5589744 0.35897437 0.1593111 -6.5393963
set cur 1 (416) 0.5543346 0.36190477 0.17149118 0.38062733
set cur 1 (416) 0.54163617 0.36556777 0.4130054 7.5473194
set cur 1 (416) 0.52796096 0.36630037 0.44176847 0.92784053
set cur 1 (416) 0.51330894 0.36825398 0.4768284 1.1309655
set cur 1 (416) 0.4993895 0.37191698 0.32712156 -3.4024282
set cur 1 (416) 0.4852259 0.37582418 0.45914552 4.1257486
add cur 0 (418) 0.7650794 0.25006106
set cur 1 (416) 0.46471307 0.378022 0.6446944 5.7984037
set cur 0 (418) 0.758486 0.24713065 0.22547768 7.0461774
set cur 1 (416) 0.43809524 0.382906 0.6293532 -0.3567726
set cur 0 (418) 0.74969476 0.24737485 0.20452556 -0.48725858
set cur 1 (416) 0.42637363 0.3833944 0.22561118 -7.7642694
set cur 0 (418) 0.74163616 0.24639805 0.15610754 -0.9311159
set cur 1 (416) 0.41660562 0.385348 0.32133722 3.0879364
set cur 0 (418) 0.73504275 0.24517705 0.21630675 1.9419103
set cur 1 (416) 0.4019536 0.3875458 0.34455654 0.5399841
set cur 0 (418) 0.72258854 0.24420024 0.29052228 1.7259432
set cur 1 (416) 0.37728938 0.38779 0.4653855 2.2797923
set cur 0 (418) 0.6998779 0.24395604 0.42852706 2.6038632
set cur 1 (416) 0.36556777 0.3919414 0.3885951 -2.3997006
set cur 0 (418) 0.6866911 0.24957265 0.44790992 0.6057154
set cur 1 (416) 0.35970697 0.3912088 0.18457548 -6.3756127
set cur 0 (418) 0.6744811 0.25616607 0.43364096 -0.44590512
set cur 1 (416) 0.35335776 0.3958486 0.18288033 -0.039422233
set cur 0 (418) 0.6632479 0.25934067 0.2714693 -3.7714345
set cur 1 (416) 0.32869354 0.3968254 0.56099 8.593399
set cur 0 (418) 0.64615387 0.26446888 0.4056063 3.0485682
set cur 1 (416) 0.31843713 0.4009768 0.34577256 -6.725541
set cur 0 (418) 0.63345546 0.26935288 0.42516443 0.6111916
set cur 1 (416) 0.30744812 0.4031746 0.21551223 -2.505007
set cur 0 (418) 0.61855924 0.2757021 0.31140167 -2.1877449
set cur 1 (416) 0.2984127 0.403663 0.2827687 2.1017644
set cur 0 (418) 0.60659343 0.2771673 0.37672448 2.041337
set cur 1 (416) 0.2803419 0.407326 0.42879835 3.3960383
set cur 0 (418) 0.5882784 0.2842491 0.4566626 1.8590266
set cur 1 (416) 0.2725275 0.41074482 0.25847113 -5.161432
set cur 0 (418) 0.5753358 0.2864469 0.39781493 -1.7832636
set cur 1 (416) 0.26275948 0.41611722 0.21033864 -0.90815973
set cur 0 (418) 0.5636142 0.2903541 0.23312572 -3.1073437
set cur 1 (416) 0.25274727 0.41587302 0.31297457 3.207373
set cur 0 (418) 0.5599512 0.2952381 0.19078141 -1.3232594
add cur 2 (419) 0.7892552 0.13431014
set cur 1 (416) 0.23150183 0.42588523 0.57284 6.338182
set cur 0 (418) 0.553602 0.30622712 0.3095455 2.8966846
set cur 2 (419) 0.781685 0.13699634 0.19591866 4.778504
set cur 1 (416) 0.22466423 0.42905983 0.175317 -9.244721
set cur 0 (418) 0.5506716 0.31355312 0.18349652 -2.931371
set cur 2 (419) 0.7782662 0.13992675 0.10471696 -2.1209698
set cur 1 (416) 0.21465202 0.43174604 0.19935177 0.46220708
set cur 0 (418) 0.53821737 0.32014653 0.27099723 1.6827055
set cur 2 (419) 0.7697192 0.14212455 0.16971268 1.2499179
set cur 1 (416) 0.1946276 0.43687424 0.3975125 3.8107836
set cur 0 (418) 0.51282054 0.33455434 0.5615199 5.5869746
set cur 2 (419) 0.75213677 0.14652015 0.3485296 3.4387872
set cur 1 (416) 0.18461539 0.44200245 0.35153514 -1.4367923
set cur 0 (418) 0.4996337 0.33968255 0.44215304 -3.730215
set cur 2 (419) 0.74285716 0.14920636 0.30189314 -1.4573903
set cur 1 (416) 0.16239317 0.45299146 0.3935053 0.6661926
set cur 0 (418) 0.47838828 0.35189256 0.3889544 -0.84442276
set cur 2 (419) 0.72649574 0.16117217 0.32174748 0.31514773
set cur 1 (416) 0.15164836 0.45860806 0.55110186 7.16348
set cur 0 (418) 0.46446887 0.35702077 0.67427427 12.969085
set cur 2 (419) 0.71477413 0.16678877 0.5908084 12.230045
set cur 1 (416) 0.14432235 0.45934066 0.13386446 -7.5861344
set cur 0 (418) 0.44859585 0.37045178 0.3780527 -5.385845
set cur 2 (419) 0.7047619 0.16727717 0.18225662 -7.428215
set cur 1 (416) 0.12503053 0.46275946 0.445282 7.077671
set cur 0 (418) 0.42832723 0.3851038 0.56840837 4.3262625
set cur 2 (419) 0.6881563 0.17338218 0.4020978 4.9963903
set cur 1 (416) 0.115262516 0.46593407 0.3313207 -3.6761713
set cur 0 (418) 0.42002442 0.389011 0.29600683 -8.787145
set cur 2 (419) 0.6781441 0.17582418 0.33244234 -2.24695
set cur 1 (416) 0.10525031 0.46886447 0.24261019 -2.0630348
set cur 0 (418) 0.4063492 0.3921856 0.32648507 0.70879626
set cur 2 (419) 0.6698413 0.17680098 0.1944202 -3.2098172
set cur 1 (416) 0.08620269 0.47472528 0.36905357 2.341544
set cur 0 (418) 0.3892552 0.3916972 0.31668502 -0.18148234
set cur 2 (419) 0.6517705 0.17948718 0.3383218 2.6648438
set cur 1 (416) 0.07643468 0.47765568 0.23716514 -3.0671728
set cur 0 (418) 0.379243 0.391453 0.23291132 -1.9482256
set cur 2 (419) 0.63931626 0.18046398 0.29052228 -1.1116155
set cur 1 (416) 0.06666667 0.47789988 0.29609275 1.7856852
set cur 0 (418) 0.37289378 0.390232 0.1959256 -1.12078
set cur 2 (419) 0.62808305 0.18168499 0.34240526 1.5722116
set cur 1 (416) 0.046398047 0.48253968 0.39231896 1.8155885
set cur 0 (418) 0.35555556 0.3797314 0.38245454 3.5194144
set cur 2 (419) 0.61514044 0.18827839 0.2740622 -1.2894925
set cur 1 (416) 0.03809524 0.4876679 0.23802064 -3.7633722
set cur 0 (418) 0.34236875 0.380464 0.32212552 -1.4714395
set cur 2 (419) 0.601221 0.1909646 0.3457619 1.748774
set cur 1 (416) 0.027838828 0.4937729 0.22103469 -0.3145555
set cur 0 (418) 0.31355312 0.37680098 0.53791684 3.9961364
set cur 2 (419) 0.5765568 0.1985348 0.47777486 2.4446845
set cur 1 (416) 0.014163614 0.4967033 0.32524794 2.4235642
set cur 0 (418) 0.3010989 0.37631258 0.28985545 -5.768871
set cur 2 (419) 0.5643468 0.20512821 0.3227094 -3.6061738
set cur 1 (416) 0.0024420025 0.4993895 0.36440808 1.1866716
set cur 0 (418) 0.2910867 0.37728938 0.30484077 0.4541007
set cur 2 (419) 0.558486 0.20903541 0.21344884 -3.3109264
set cur 1 (416) 0.016605617 0.50500613 0.35434 -0.23414229
set cur 0 (418) 0.26837608 0.3799756 0.53183556 5.2789497
set cur 2 (419) 0.5521368 0.21367522 0.18288033 -0.71089554
set cur 1 (416) 0.016605617 0.50500613 0.0 -6.6856604
set cur 0 (418) 0.25665447 0.3836386 0.23170991 -5.6627493
set cur 2 (419) 0.54163617 0.22026862 0.23394388 0.96346325
del cur 1 (416)
set cur 0 (418) 0.24688645 0.3875458 0.31880248 2.6391685
set cur 2 (419) 0.53089136 0.22124542 0.32694298 2.8181546
set cur 0 (418) 0.23345543 0.3916972 0.3269293 0.18899593
set cur 2 (419) 0.50427353 0.22100122 0.6190452 6.793076
set cur 0 (418) 0.22344323 0.3934066 0.18809417 -2.5710206
set cur 2 (419) 0.4947497 0.22490843 0.19063261 -7.933568
set cur 0 (418) 0.21538462 0.393895 0.2446483 1.7137613
set cur 2 (419) 0.48327228 0.22881563 0.3674012 5.3566246
set cur 0 (418) 0.2039072 0.3958486 0.264602 0.45349315
set cur 2 (419) 0.47057387 0.23272283 0.30195293 -1.487461
set cur 0 (418) 0.18559219 0.4090354 0.7052619 13.77062
set cur 2 (419) 0.44395605 0.23638584 0.8396464 16.802917
set cur 0 (418) 0.18070818 0.41587302 0.195413 -11.856951
set cur 2 (419) 0.43321124 0.24078144 0.26998013 -13.248051
set cur 0 (418) 0.17509158 0.42344323 0.29457045 3.0986712
set cur 2 (419) 0.41880342 0.24468865 0.46650642 6.141446
set cur 0 (418) 0.16752137 0.43101344 0.34535128 1.6380905
set cur 2 (419) 0.4068376 0.24713065 0.3939501 -2.3405263
set cur 0 (418) 0.14774115 0.44664225 0.3938978 0.7585394
set cur 2 (419) 0.380464 0.25225887 0.41980588 0.40399653
set cur 0 (418) 0.13894995 0.45201465 0.32196307 -2.2479594
set cur 2 (419) 0.36971918 0.25494507 0.34610924 -2.30302
set cur 0 (418) 0.12991454 0.45641026 0.31399632 -0.24896207
set cur 2 (419) 0.36239317 0.25518927 0.22906485 -3.657637
set cur 0 (418) 0.12087912 0.46080586 0.19322863 -2.3224554
set cur 2 (419) 0.35189256 0.25714287 0.20539989 -0.4550952
set cur 0 (418) 0.104273506 0.46935287 0.29644647 1.6383789
set cur 2 (419) 0.32918194 0.25811967 0.36081934 2.4669752
set cur 0 (418) 0.0998779 0.47350428 0.18894105 -3.3595452
set cur 2 (419) 0.31843713 0.26031747 0.34272754 -0.5653677
set cur 0 (418) 0.082783885 0.47619048 0.40241364 4.9644785
set cur 2 (419) 0.3010989 0.26544568 0.42048168 1.8082365
set cur 0 (418) 0.07423688 0.47716728 0.26883262 -4.1744065
set cur 2 (419) 0.2923077 0.26984128 0.30715218 -3.5415485
set cur 0 (418) 0.06544567 0.47789988 0.1696477 -1.9074025
set cur 2 (419) 0.2791209 0.27081808 0.2542873 -1.0166317
set cur 0 (418) 0.056410257 0.48327228 0.3284989 4.9641
set cur 2 (419) 0.27008548 0.2761905 0.32849878 2.3191078
set cur 0 (418) 0.03760684 0.4866911 0.44445792 2.6967213
set cur 2 (419) 0.24786325 0.2869353 0.57403654 5.710179
set cur 0 (418) 0.025152626 0.4869353 0.2965859 -3.520762
set cur 2 (419) 0.24102564 0.2913309 0.19353817 -9.059484
set cur 0 (418) 0.0073260074 0.4923077 0.58183026 8.913883
set cur 2 (419) 0.23443224 0.2957265 0.247634 1.6904943
set cur 0 (418) 0.002930403 0.4932845 0.13644938 -13.496388
set cur 2 (419) 0.22735043 0.3030525 0.30876747 1.8525282
del cur 0 (418)
set cur 2 (419) 0.20757021 0.31111112 0.3955333 1.6067746
set cur 2 (419) 0.1980464 0.31477413 0.3092105 -2.6158402
set cur 2 (419) 0.18827839 0.32063493 0.35597992 1.461544
set cur 2 (419) 0.18095239 0.32698414 0.22545284 -3.0355144
set cur 2 (419) 0.17557998 0.32942614 0.18441764 -1.2823488
set cur 2 (419) 0.16800977 0.33308914 0.2712856 2.8021913
set cur 2 (419) 0.15531136 0.33699635 0.40260392 3.9793434
set cur 2 (419) 0.14676435 0.33748475 0.2675297 -4.2210693
set cur 2 (419) 0.14017095 0.33943835 0.16373193 -2.4713755
set cur 2 (419) 0.12185592 0.34236875 0.6182658 15.15113
set cur 2 (419) 0.11233211 0.34139195 0.17729203 -8.166181
set cur 2 (419) 0.102564104 0.34383395 0.31464478 4.2922726
set cur 2 (419) 0.093040295 0.34261295 0.3097342 -0.15840608
set cur 2 (419) 0.07912088 0.34358975 0.4360514 3.9474115
set cur 2 (419) 0.07008547 0.34774116 0.31073368 -3.9161768
set cur 2 (419) 0.06056166 0.34749696 0.29771695 -0.40677375
set cur 2 (419) 0.05103785 0.34700856 0.22177497 -1.7660925
set cur 2 (419) 0.041269843 0.35067156 0.32600746 3.257265
set cur 2 (419) 0.033455435 0.35213676 0.25647044 -2.2431295
set cur 2 (419) 0.023931624 0.35335776 0.30005503 1.3620182
set cur 2 (419) 0.0021978023 0.35579976 0.41265252 2.124481
set cur 2 (419) 0.0144078145 0.35824177 0.40167153 -0.35422465
set cur 2 (419) 0.024420025 0.36043957 0.32033107 -2.5418901
set cur 2 (419) 0.024420025 0.36043957 0.0 -10.010345
del cur 2 (419)
add cur 0 (420) 0.93772894 0.24981685
set cur 0 (420) 0.92869353 0.24688645 0.29683527 9.276103
set cur 0 (420) 0.9172161 0.24420024 0.38024396 2.6906028
set cur 0 (420) 0.9094017 0.24639805 0.25367475 -3.9552886
set cur 0 (420) 0.9008547 0.24884005 0.26936433 0.47544187
set cur 0 (420) 0.8920635 0.25128207 0.2851274 0.49259698
set cur 0 (420) 0.8778999 0.25152627 0.44267866 4.9234757
set cur 0 (420) 0.8639805 0.25445667 0.33080307 -2.601758
set cur 0 (420) 0.85421246 0.25958487 0.34476057 0.43617186
set cur 0 (420) 0.84224665 0.26398048 0.39836332 1.675086
set cur 0 (420) 0.8180708 0.2761905 0.5110229 2.125654
set cur 0 (420) 0.8095238 0.2827839 0.32711044 -5.573107
set cur 0 (420) 0.798779 0.2869353 0.3715775 1.4344205
set cur 0 (420) 0.7860806 0.2927961 0.4370519 2.0460746
set cur 0 (420) 0.7716728 0.2942613 0.4671653 0.97139996
set cur 0 (420) 0.7614164 0.2986569 0.3487075 -3.7018049
set cur 0 (420) 0.75335777 0.3030525 0.21347582 -3.1449232
set cur 0 (420) 0.74139196 0.31037852 0.43844876 7.0304036
set cur 0 (420) 0.72942615 0.31648353 0.4197885 -0.5831327
set cur 0 (420) 0.71941394 0.32283273 0.38244075 -1.2047657
set cur 0 (420) 0.7089133 0.33113554 0.41832933 1.1215172
set cur 0 (420) 0.6957265 0.33992675 0.495268 2.4043338
set cur 0 (420) 0.6715507 0.33992675 0.5756148 1.913019
set cur 0 (420) 0.6600733 0.34261295 0.22240686 -6.664301
set cur 0 (420) 0.64859587 0.34603176 0.37424293 4.744877
set cur 0 (420) 0.63443226 0.34725276 0.45858535 2.7207234
set cur 0 (420) 0.62417585 0.34676436 0.31115246 -4.4676623
set cur 0 (420) 0.61782664 0.34969476 0.22557516 -2.7605584
set cur 0 (420) 0.60927963 0.35018316 0.2761597 1.6317589
set cur 0 (420) 0.598779 0.34993896 0.24426624 -0.74170804
set cur 0 (420) 0.5885226 0.34945056 0.32087594 2.3940535
add cur 1 (421) 0.002930403 0.18021978
set cur 0 (420) 0.5660562 0.34554335 0.4302575 2.0638025
set cur 1 (421) 0.0036630037 0.17728938 0.056992263 1.0753258
set cur 0 (420) 0.5555556 0.34554335 0.32814404 -3.1910453
set cur 1 (421) 0.00976801 0.17704518 0.190934 4.1856794
set cur 0 (420) 0.546276 0.34700856 0.21847838 -2.5503645
set cur 1 (421) 0.015873017 0.17655678 0.14243048 -1.1279887
set cur 0 (420) 0.53284496 0.34798536 0.40807533 5.7453628
set cur 1 (421) 0.021978023 0.17606838 0.18559124 1.3079011
set cur 0 (420) 0.50525033 0.35457876 0.6448046 5.3802104
set cur 1 (421) 0.03687424 0.17582418 0.33859584 3.4773774
set cur 0 (420) 0.4871795 0.35799757 0.34058154 -5.6337595
set cur 1 (421) 0.043467645 0.17533578 0.12243463 -4.002985
set cur 0 (420) 0.46935287 0.36141637 0.5672339 7.0828876
set cur 1 (421) 0.055433456 0.16605617 0.4731995 10.961401
set cur 0 (420) 0.45982906 0.36605617 0.34173873 -7.27404
set cur 1 (421) 0.06446887 0.15848596 0.38024408 -2.9985626
set cur 0 (420) 0.43345544 0.37582418 0.6696287 7.806904
set cur 1 (421) 0.083760686 0.14310135 0.5875024 4.9347234
set cur 0 (420) 0.42442003 0.3809524 0.23611994 -9.852471
set cur 1 (421) 0.094017096 0.13650794 0.2771115 -7.054339
set cur 0 (420) 0.41416362 0.3868132 0.35796458 3.6922612
set cur 1 (421) 0.10915751 0.12991454 0.50041777 6.7668567
set cur 0 (420) 0.4026862 0.3924298 0.387212 0.88628674
set cur 1 (421) 0.12234432 0.12356532 0.44350693 -1.724571
set cur 0 (420) 0.3811966 0.41074482 0.4343924 0.72585166
set cur 1 (421) 0.14896215 0.114529915 0.43245485 -0.17003189
set cur 0 (420) 0.37240538 0.41660562 0.32017326 -3.4611857
set cur 1 (421) 0.15995117 0.11111111 0.3487437 -2.5367005
set cur 0 (420) 0.36361417 0.42100123 0.30715218 -0.40690878
set cur 1 (421) 0.17069598 0.10622711 0.36883527 0.6278623
set cur 0 (420) 0.35091576 0.42588523 0.3092105 0.046780165
set cur 1 (421) 0.18559219 0.0984127 0.38230634 0.30615994
set cur 0 (420) 0.32918194 0.43418804 0.43084738 2.252535
set cur 1 (421) 0.21025641 0.08547009 0.5158114 2.472315
set cur 0 (420) 0.31819293 0.43858364 0.3586523 -2.1877298
set cur 1 (421) 0.21782662 0.07716728 0.34048074 -5.31305
set cur 0 (420) 0.30695972 0.44078144 0.2725284 -2.0505686
set cur 1 (421) 0.22490843 0.06959707 0.2468165 -2.230101
set cur 0 (420) 0.2954823 0.44102564 0.35875022 2.6944315
set cur 1 (421) 0.23614164 0.06544567 0.37424293 3.9820757
set cur 0 (420) 0.26984128 0.44322345 0.47657484 2.1819372
set cur 1 (421) 0.25909647 0.057142857 0.452042 1.4407232
set cur 0 (420) 0.25592187 0.44664225 0.6515054 7.9513884
set cur 1 (421) 0.27057388 0.053235654 0.55110186 4.502722
set cur 0 (420) 0.24664225 0.45250306 0.20708393 -8.385311
set cur 1 (421) 0.2837607 0.05103785 0.2522398 -5.6389074
set cur 0 (420) 0.23760684 0.45299146 0.29189032 2.735689
set cur 1 (421) 0.2920635 0.046886448 0.29944587 1.5227776
set cur 0 (420) 0.21147741 0.45518926 0.6098068 7.3934064
set cur 1 (421) 0.3003663 0.042979244 0.21340026 -2.0010605
del cur 1 (421)
set cur 0 (420) 0.1978022 0.45665446 0.25949964 -6.609568
add cur 1 (422) 0.35067156 0.06471307
set cur 0 (420) 0.18534799 0.45665446 0.3891941 4.052951
set cur 1 (422) 0.35091576 0.062026862 0.0842901 2.6340656
set cur 0 (420) 0.17557998 0.45787546 0.3076258 -2.5490103
set cur 1 (422) 0.35726497 0.062026862 0.19841267 3.5663302
set cur 0 (420) 0.15213676 0.46544567 0.58655226 6.641107
set cur 1 (422) 0.37460318 0.06666667 0.42734054 5.450664
set cur 0 (420) 0.14334555 0.46984127 0.1820161 -7.4914103
set cur 1 (422) 0.3904762 0.06788767 0.2948131 -2.4542124
set cur 0 (420) 0.13186814 0.47277167 0.37017494 5.8799644
set cur 1 (422) 0.4034188 0.06910867 0.40625244 3.4824803
set cur 0 (420) 0.11990232 0.47594628 0.3751448 0.15060107
set cur 1 (422) 0.41929182 0.06935287 0.48105738 2.2668161
set cur 0 (420) 0.0962149 0.4876679 0.48942524 2.1163042
set cur 1 (422) 0.44224665 0.06642247 0.4285391 -0.9725607
set cur 0 (420) 0.08766789 0.4910867 0.2969487 -6.208921
set cur 1 (422) 0.45103785 0.06642247 0.28358737 -4.6758633
set cur 0 (420) 0.07643468 0.4945055 0.3669357 2.1870944
set cur 1 (422) 0.46153846 0.06984127 0.34509823 1.9222143
set cur 0 (420) 0.06520147 0.4979243 0.21348988 -2.7899244
set cur 1 (422) 0.47277167 0.07374848 0.21624233 -2.3428345
set cur 0 (420) 0.042735044 0.50769234 0.5975136 9.36643
set cur 1 (422) 0.48205128 0.07350428 0.22641028 0.24799892
set cur 0 (420) 0.031501833 0.51428574 0.42017046 -5.720745
set cur 1 (422) 0.4857143 0.072771676 0.12050146 -3.4164135
set cur 0 (420) 0.022954823 0.51916975 0.30762586 -3.5170195
set cur 1 (422) 0.4957265 0.073015876 0.31297457 6.0147843
set cur 0 (420) 0.012698413 0.52161175 0.20275226 -2.0167997
set cur 1 (422) 0.4993895 0.072771676 0.07059874 -4.6610737
set cur 0 (420) 7.3260075E-4 0.52405375 0.38163918 5.5902166
set cur 1 (422) 0.50427353 0.072771676 0.15262607 2.563354
set cur 0 (420) 0.020512821 0.52796096 0.48005775 2.3432984
set cur 1 (422) 0.52161175 0.07326008 0.41297844 6.198867
del cur 0 (420)
set cur 1 (422) 0.53943837 0.071062274 0.56129956 4.635034
set cur 1 (422) 0.5545788 0.06837607 0.49602774 -2.1055417
set cur 1 (422) 0.5648352 0.06837607 0.32051277 -5.4848433
set cur 1 (422) 0.57558 0.06471307 0.36619446 1.4736037
set cur 1 (422) 0.586569 0.06105006 0.21060792 -2.828847
set cur 1 (422) 0.5836386 0.06056166 0.13503745 -3.4350204
set cur 1 (422) 0.578022 0.06031746 0.17036095 1.070409
set cur 1 (422) 0.5831502 0.05982906 0.15610331 -0.43204924
set cur 1 (422) 0.5882784 0.05934066 0.16098154 0.15244447
set cur 1 (422) 0.5936508 0.05909646 0.12506865 -0.83518374
del cur 1 (422)
add cur 0 (423) 0.93357754 0.2014652
set cur 0 (423) 0.92625153 0.20561661 0.26314008 8.223127
set cur 0 (423) 0.9194139 0.21147741 0.28142685 0.5714614
set cur 0 (423) 0.9130647 0.21733822 0.27002144 -0.356419
set cur 0 (423) 0.9040293 0.21929182 0.17118883 -1.8302337
add cur 1 (424) 0.003907204 0.15067156
set cur 0 (423) 0.9006105 0.22173382 0.12731454 -1.3295236
set cur 1 (424) 0.0034188034 0.15067156 0.014800021 0.4484855
set cur 0 (423) 0.8896215 0.22442003 0.3535175 7.0688434
set cur 1 (424) 0.013431014 0.15042736 0.3129746 9.317955
set cur 0 (423) 0.8676435 0.24395604 0.6838512 7.6821775
set cur 1 (424) 0.028815629 0.14603175 0.37209862 1.3749772
set cur 0 (423) 0.84932846 0.25372407 0.391642 -5.51338
set cur 1 (424) 0.03809524 0.14212455 0.18997425 -3.4363093
set cur 0 (423) 0.82564104 0.26446888 1.2385942 40.33105
set cur 1 (424) 0.040781442 0.13577534 0.3282887 6.5864034
set cur 0 (423) 0.8029304 0.2722833 0.75054485 -15.251537
set cur 1 (424) 0.046153847 0.13211234 0.20319788 -3.9090881
set cur 0 (423) 0.7589744 0.2835165 0.70888585 -0.6509218
set cur 1 (424) 0.062026862 0.12087912 0.30384007 1.5725341
set cur 0 (423) 0.73943835 0.2901099 0.6248078 -2.5478203
set cur 1 (424) 0.07496948 0.113064714 0.45814362 4.675864
set cur 0 (423) 0.72258854 0.2979243 0.5804272 -1.386892
set cur 1 (424) 0.08791209 0.10818071 0.4322957 -0.8077463
set cur 0 (423) 0.7064713 0.31013432 0.38884646 -3.684246
set cur 1 (424) 0.104273506 0.105006106 0.32051066 -2.1497126
set cur 0 (423) 0.6749695 0.32454214 0.8247691 10.379111
set cur 1 (424) 0.12869354 0.102808304 0.58377934 6.268302
set cur 0 (423) 0.6632479 0.32722834 0.3757958 -14.030413
set cur 1 (424) 0.13919415 0.1018315 0.32956076 -7.94433
set cur 0 (423) 0.6515263 0.32893774 0.37017494 -0.17565209
set cur 1 (424) 0.15189256 0.0991453 0.40560687 2.3764417
set cur 0 (423) 0.63565326 0.33162394 0.29270372 -1.4085683
set cur 1 (424) 0.16336997 0.0967033 0.21335132 -3.4955556
set cur 0 (423) 0.61245424 0.34163615 0.60160357 7.3547583
set cur 1 (424) 0.189011 0.08962149 0.6333575 10.000148
set cur 0 (423) 0.601221 0.34749696 0.42234012 -5.975447
set cur 1 (424) 0.2041514 0.08595849 0.5192407 -3.803897
set cur 0 (423) 0.5870574 0.35482296 0.3708397 -1.1976852
set cur 1 (424) 0.21953602 0.07887668 0.3938675 -2.915654
set cur 0 (423) 0.5699634 0.36532357 0.64714867 8.913195
set cur 1 (424) 0.23223443 0.06886447 0.5216379 4.1216288
set cur 0 (423) 0.53919417 0.37533578 0.58831316 -1.0697376
set cur 1 (424) 0.24884005 0.05811966 0.35961297 -2.9459093
set cur 0 (423) 0.51770455 0.3799756 0.51127446 -1.7915977
set cur 1 (424) 0.26129428 0.054945055 0.29889452 -1.4120568
set cur 0 (423) 0.4918193 0.38779 0.8449709 10.428013
set cur 1 (424) 0.26129428 0.054945055 0.0 -9.340453
del cur 1 (424)
set cur 0 (423) 0.46105006 0.3960928 0.9959302 4.71748
set cur 0 (423) 0.43931624 0.4046398 0.7533555 -7.8249903
set cur 0 (423) 0.4087912 0.42197803 0.6501005 -1.9121302
add cur 1 (425) 0.32258853 0.06349207
set cur 0 (423) 0.3870574 0.43199024 0.54384387 -2.4149241
set cur 1 (425) 0.32527474 0.06349207 0.061050057 1.3875014
set cur 0 (423) 0.37313798 0.43858364 0.48131397 -1.954059
set cur 1 (425) 0.32967034 0.06422467 0.13925737 2.4439785
set cur 0 (423) 0.35995117 0.44615385 0.37086007 -2.693997
set cur 1 (425) 0.33577535 0.06495727 0.14997084 0.2613042
set cur 0 (423) 0.32258853 0.46153846 0.7623792 7.3871546
set cur 1 (425) 0.35653237 0.06471307 0.39166898 4.5603423
set cur 0 (423) 0.30866912 0.46544567 0.4517936 -9.705802
set cur 1 (425) 0.36703297 0.06398047 0.3289417 -1.9602271
set cur 0 (423) 0.2959707 0.47057387 0.42796317 -0.7447013
set cur 1 (425) 0.36703297 0.06398047 0.0 -10.279428
del cur 1 (425)
set cur 0 (423) 0.2803419 0.47472528 0.521638 3.0217662
set cur 0 (423) 0.26275948 0.47814408 0.41655153 -2.4438686
set cur 0 (423) 0.23028083 0.4876679 0.6267815 3.8931463
set cur 0 (423) 0.21587302 0.4957265 0.51588655 -3.465468
set cur 0 (423) 0.197558 0.4993895 0.5836789 2.1185129
set cur 0 (423) 0.18144079 0.50256413 0.49778473 -2.6028526
set cur 0 (423) 0.16263737 0.50427353 0.59002995 2.8826602
set cur 0 (423) 0.14920636 0.50549453 0.43504512 -4.999509
set cur 0 (423) 0.13577534 0.51282054 0.35579303 -1.8430719
set cur 0 (423) 0.12258852 0.51794875 0.42875382 2.2109332
set cur 0 (423) 0.10695971 0.52307695 0.51402056 2.6645837
set cur 0 (423) 0.0969475 0.52991456 0.39110455 -3.965031
set cur 0 (423) 0.072527476 0.54236877 0.43511897 0.69864166
set cur 0 (423) 0.057387058 0.5496948 0.5256159 2.8280299
set cur 0 (423) 0.042490844 0.5553114 0.49749708 -0.87871397
set cur 0 (423) 0.02979243 0.5604396 0.42796323 -2.1729329
set cur 0 (423) 0.0065934067 0.5641026 0.73395085 9.562115
set cur 0 (423) 0.027350428 0.5716728 0.513823 -5.119254
set cur 0 (423) 0.027350428 0.5716728 0.0 -16.574934
del cur 0 (423)
add cur 0 (426) 9.76801E-4 0.5873016
del cur 0 (426)
add cur 0 (427) 0.0065934067 0.202442
set cur 0 (427) 0.0144078145 0.1916972 0.42857838 13.825109
